layout_spectrum: 0.9084414
color:
  saturation: 0.5902256
  lightness: 0.7126746
  brandStrength: 0.1669211
  rhythmicContrast: 0.2153598
typography_spectrum: 0.09076262
name: The Hanks-Frazer Page
